-0.66224
0.49033
-0.04573
0.30689
0.93315
-0.37395
-0.84712
0.58283
-0.26923
0.17020
-0.63333
-0.84616
-0.69267
0.65375
-0.39809
-0.23223
0.30150
0.63474
0.53253
-0.25165
-0.62028
0.29300
-0.99279
-0.43422
0.27720
0.18415
-0.34942
0.97790
-0.75353
0.47175
-0.68677
-0.13071
0.66449
-0.28018
-0.84752
0.11385
-0.45214
-0.73589
0.39931
-0.02819
-0.63457
-0.79757
-0.59683
-0.73051
-0.35242
0.90109
0.06426
-0.50463
-0.12545
0.33818
0.09539
0.21811
0.72627
-0.23861
0.49791
-0.68661
-0.88375
-0.32059
0.63435
-0.24490
0.94521
0.21064
-0.32353
0.85597
0.79685
0.70141
-0.48642
-0.42901
0.55989
0.40279
-0.01498
0.93534
-0.04768
0.98981
-0.01884
0.00691
0.53755
-0.22383
-0.09348
-0.73429
0.51701
0.13047
0.29727
0.59612
-0.55910
0.71578
0.80946
-0.41596
0.45174
-0.32111
-0.45464
-0.65945
0.32804
0.07170
0.65822
-0.46528
-0.64769
-0.13763
-0.04869
0.57044
-0.73870
-0.89729
0.25501
-0.94182
-0.72761
0.38911
0.03136
0.08516
0.61697
0.58737
0.00373
-0.44674
-0.76067
0.77320
0.94058
0.88505
0.27626
-0.81882
-0.85058
-0.63510
-0.93662
0.44987
-0.71168
0.27185
0.57970
0.13251
-0.24517
0.64317
-0.39024
-0.36125
0.56996
0.00747
-0.47801
0.46495
-0.67410
0.84215
-0.55555
-0.83278
-0.85260
0.53910
0.63535
0.48085
0.51650
0.92239
-0.06715
0.57399
-0.15486
0.88746
-0.99737
0.96254
0.14039
-0.30706
0.11501
-0.40043
-0.68185
0.33051
0.36841
0.58482
-0.30275
-0.49985
-0.30999
-0.34273
0.85497
0.51214
-0.42352
0.21236
0.53206
0.69230
0.80396
0.19141
-0.86293
-0.56391
0.73882
-0.17156
0.32242
0.56697
-0.50423
0.10885
-0.54083
-0.98617
0.53328
-0.95633
-0.21379
-0.49492
-0.59157
0.32456
0.82948
-0.98619
0.49285
0.59934
0.81560
0.94915
-0.76027
0.03794
0.64395
0.27405
0.90782
0.89385
0.93321
-0.86531
-0.12493
-0.35832
-0.73190
-0.73083
0.61190
0.04953
0.88851
0.97668
-0.18021
-0.25762
-0.54629
-0.10794
-0.46756
-0.08181
-0.13419
-0.48075
-0.73257
-0.16154
0.01372
-0.35135
0.36938
-0.11381
-0.12867
0.58605
0.63111
0.50423
0.57851
0.00253
0.11036
0.26150
-0.80402
-0.50865
0.23145
-0.39008
0.53394
-0.46554
-0.92099
-0.40688
0.11273
0.93815
0.37825
0.43576
0.11806
0.06671
0.75145
-0.21380
-0.08387
-0.58351
0.51455
0.09338
-0.28522
0.40200
-0.78156
-0.98678
0.19460
0.31835
0.16001
0.81990
0.27201
0.05112
-0.48075
-0.89766
0.46390
-0.67142
-0.43921
-0.48115
0.09419
0.08254
0.57623
0.73921
0.57508
0.93886
-0.63906
0.86120
-0.90970
-0.51871
-0.98229
0.34319
0.80963
0.14483
-0.68908
0.00473
0.13547
-0.62346
-0.35161
0.43207
0.10586
-0.71544
-0.23927
-0.20686
0.15348
-0.96120
0.15516
0.86439
-0.78625
0.46430
0.94105
0.21777
0.43933
-0.39450
-0.08196
-0.90394
-0.22930
-0.27657
-0.42483
0.63343
-0.09894
0.61327
0.58035
-0.43408
-0.86338
-0.89014
0.27505
-0.15143
0.81106
-0.16536
-0.69188
0.08000
0.87418
0.32191
-0.21069
-0.48202
0.69582
0.89011
-0.24600
-0.86544
-0.63684
0.15150
-0.62823
-0.41710
-0.07667
-0.30605
-0.36367
-0.08017
-0.52821
-0.94450
0.31691
-0.68239
0.60533
-0.18284
-0.34522
0.49203
0.49270
-0.65209
-0.76491
-0.65192
0.25482
0.68378
0.02017
-0.66847
0.42861
0.81407
-0.56292
0.74192
-0.57633
0.67333
0.71860
0.04675
-0.04527
0.77977
-0.86985
0.01891
0.24160
0.46713
-0.54001
-0.95626
-0.72202
0.53901
0.93953
-0.22641
0.98686
-0.34721
-0.72568
-0.23049
0.12527
0.26767
0.08321
-0.37001
-0.68135
-0.69477
-0.72610
0.41961
-0.07027
-0.77346
0.40176
-0.64003
0.60734
0.02791
0.09688
-0.58431
0.56918
0.05298
0.14205
-0.15592
0.44231
-0.85372
0.18972
0.72395
-0.10240
0.30515
-0.39305
0.21488
-0.44220
0.59912
0.59234
0.90817
-0.11132
-0.08623
0.19963
0.68524
-0.93760
-0.62546
0.88719
0.89584
-0.09403
0.62167
0.85776
0.34543
-0.25534
-0.18861
-0.12235
0.35730
-0.06986
0.90653
-0.29060
-0.32196
0.79172
0.09087
0.49857
-0.75025
-0.09353
-0.85050
0.32668
0.40730
0.83790
0.32014
0.38021
0.70745
-0.06420
-0.08304
0.61221
0.64953
-0.61913
-0.94865
-0.88637
-0.71413
-0.65716
0.25169
-0.94097
-0.05534
0.35689
-0.77042
-0.52787
-0.42184
-0.65449
-0.35259
0.60222
-0.40073
0.55125
0.10554
0.10938
0.46129
0.54725
0.80169
-0.72367
0.58815
-0.62117
-0.94205
-0.74523
-0.73253
-0.74338
0.87052
-0.45354
0.88536
0.27630
0.74506
-0.26585
-0.52760
-0.62536
0.09130
-0.48977
-0.38835
-0.96890
0.17498
0.92512
0.69970
-0.98412
0.26805
-0.28142
-0.77188
0.08164
-0.16716
0.03420
0.77225
-0.70121
-0.13065
-0.88192
-0.23794
0.44474
-0.80976
0.33438
-0.40720
0.19713
-0.69630
-0.12725
-0.97464
-0.54195
-0.47264
0.02277
-0.56983
-0.30778
0.49563
-0.17276
-0.88849
-0.21994
-0.05103
0.65064
-0.39271
0.64358
0.13136
-0.89124
-0.47997
0.17821
-0.04053
-0.60270
-0.52197
0.56039
0.23462
-0.71174
0.43226
-0.19699
-0.07523
0.41456
-0.19758
-0.97123
-0.85072
0.18214
-0.10800
0.85324
-0.81021
-0.24916
0.09200
-0.77664
0.80893
0.26655
0.81082
0.26111
-0.97154
-0.36704
-0.77626
0.25893
-0.87858
0.34799
-0.04512
-0.38891
0.03267
0.41406
0.62722
-0.36838
-0.37740
-0.31005
0.33261
0.72214
0.52356
0.75168
0.74247
-0.65442
0.70045
0.91918
0.54041
0.75003
-0.86517
0.29358
-0.35181
0.28069
0.75950
-0.25272
0.53348
-0.66383
0.03945
0.25491
0.42783
-0.38721
-0.47263
0.83201
0.23007
-0.81365
0.25539
-0.61594
0.55393
0.72900
-0.33284
-0.72917
0.53093
-0.36277
-0.49524
-0.59985
-0.86198
0.10382
-0.19238
0.50023
-0.02563
-0.23043
-0.87718
-0.57262
0.08775
-0.17871
0.80193
-0.88742
-0.11298
0.07563
-0.73188
0.08189
0.71474
-0.60397
-0.68878
-0.87724
0.32215
-0.96279
-0.41779
0.94765
0.52928
-0.51263
0.36423
-0.72429
0.25962
0.71403
0.79960
-0.30326
-0.02738
0.35903
0.40824
-0.07823
-0.27146
-0.43947
-0.84759
-0.11075
-0.66859
-0.20250
0.84117
0.02267
0.82828
-0.81613
0.98607
-0.80713
-0.37371
0.57075
0.20480
-0.06818
-0.40374
-0.73365
-0.40998
-0.66675
-0.36579
-0.78032
0.66418
0.94319
-0.56346
0.41216
-0.92197
0.23259
0.33873
-0.92560
-0.99333
-0.71507
0.72481
-0.44793
0.06338
0.04444
0.13524
-0.33393
-0.17317
-0.17130
0.96784
-0.88452
-0.20691
0.58264
0.18837
-0.38087
0.80361
-0.81375
-0.36195
0.77392
0.31486
0.36903
-0.05210
-0.71751
0.90185
0.76525
-0.12512
0.66991
-0.34971
-0.26472
0.58968
-0.80138
0.90356
-0.99705
-0.40921
-0.90309
-0.11452
0.57969
0.82704
0.06651
0.60815
0.12532
0.50175
-0.98154
-0.04643
-0.49934
-0.38416
0.93390
-0.58239
0.04095
-0.54891
0.13440
0.99633
-0.73627
0.90935
-0.75224
-0.62752
0.29301
-0.74366
-0.83736
0.31845
-0.94520
0.97036
0.07866
-0.25233
0.41347
0.89482
-0.23545
0.38582
0.20414
0.55052
0.18367
-0.24764
0.70130
-0.54853
0.59392
0.99376
-0.43738
0.42076
0.32928
-0.17033
-0.00346
0.89825
0.90636
0.46585
-0.23064
-0.91983
0.16587
0.12943
-0.28963
0.76040
0.24906
0.24803
-0.40852
-0.85064
-0.41259
-0.53052
-0.30821
0.69698
-0.67927
-0.68427
0.01732
0.20660
-0.67721
0.27091
0.68788
0.56454
-0.47087
-0.37060
-0.63361
-0.10505
-0.34664
-0.44037
0.86353
-0.20062
-0.24115
0.18569
-0.86299
-0.58952
0.44724
0.15030
-0.59953
0.68696
-0.15254
0.08950
0.05593
-0.62978
-0.83662
-0.07181
-0.93889
-0.13003
0.11573
0.27756
-0.93157
0.41980
-0.66135
0.18676
0.21613
0.54472
-0.88745
0.70945
-0.23143
-0.20076
-0.34917
0.11078
-0.40916
-0.26776
-0.30190
0.26045
0.32888
0.98419
0.88872
-0.29930
-0.61400
0.83915
-0.42262
0.10172
0.83865
-0.81990
-0.48461
-0.14590
0.15545
0.79904
-0.56355
0.93406
-0.13204
0.56964
0.05047
-0.33745
-0.13681
0.43580
0.83242
0.78006
-0.73059
-0.76017
0.78690
0.30617
-0.91944
0.00943
0.78891
-0.22854
-0.41590
-0.53193
-0.59810
-0.23939
0.18958
-0.46323
0.24489
0.60913
-0.79206
0.45848
0.29718
-0.05069
0.86582
-0.80711
0.19821
-0.53287
-0.93534
0.15972
0.68440
0.11379
0.67977
-0.59010
0.24251
-0.65196
-0.42092
-0.96299
0.40299
0.90418
0.49802
0.51345
0.08418
-0.43587
-0.51025
-0.42736
0.92627
-0.53861
0.07464
-0.58998
-0.13192
-0.71558
-0.24883
0.58712
0.62563
0.80758
0.08075
0.63573
0.41683
-0.91358
-0.70811
-0.53333
-0.50660
-0.65943
-0.52989
-0.44908
0.90321
-0.30666
-0.40536
-0.19115
-0.39553
0.51462
-0.28051
-0.75020
0.23437
-0.28896
-0.27412
-0.86302
0.73432
-0.08421
-0.84477
0.80984
-0.43661
0.22776
0.32372
-0.59995
0.91997
0.33021
0.08260
0.73794
0.11409
-0.95720
-0.03464
0.61597
0.47202
0.14461
-0.98203
0.43656
-0.10115
0.31923
0.50642
0.60948
-0.94169
0.55963
0.13470
-0.84777
-0.49676
-0.73309
0.12895
0.08196
-0.86216
0.97686
-0.49781
-0.36905
-0.39869
-0.91592
0.05580
-0.48796
-0.18258
0.89503
0.83856
-0.75751
0.18389
-0.28070
0.43861
0.04710
-0.47831
-0.01384
0.71167
0.44881
-0.60178
-0.68543
-0.25905
0.72454
0.36953
0.26840
-0.71735
-0.84140
0.75229
-0.15914
-0.02467
-0.07935
0.03135
-0.45601
-0.53684
0.79907
0.81739
0.20729
-0.26953
0.19718
0.33697
0.78913
-0.82533
0.07802
-0.14310
0.23431
0.11775
-0.54830
-0.79096
-0.98004
-0.88169
-0.35470
0.55895
-0.32904
0.23914
0.98577
0.29601
0.07955
-0.53549
0.47966
0.77798
0.71962
0.19412
0.30950
0.83003
-0.13363
-0.42048
0.26376
-0.40916
0.24406
-0.90493
0.98922
-0.58647
0.21473
-0.30474
0.43547
-0.94401
-0.86632
0.85413
-0.82446
-0.33520
0.05236
-0.50672
0.08580
0.56174
0.04376
0.86390
-0.70578
-0.16647
-0.43941
0.19620
-0.92705
-0.87263
-0.35423
-0.80324
-0.65991
-0.25767
-0.92048
0.41848
0.28268
-0.65188
-0.87570
-0.18668
-0.07387
-0.59465
0.73910
0.19588
-0.95397
0.79885
-0.09411
-0.88395
-0.78746
0.99685
0.73265
0.23041
-0.94611
-0.35495
-0.07245
-0.80197
0.14198
-0.34825
-0.09902
0.15569
-0.85031
-0.88531
-0.39809
0.04344
0.12376
-0.51689
0.82544
0.65147
-0.11091
0.96413
0.15654
-0.53115
0.62118
-0.09745
-0.50006
0.91088
-0.71470
0.02513
0.94385
0.29664
0.22934
-0.06070
0.15556
0.82263
-0.24756
-0.54247
-0.15295
-0.45281
-0.11087
0.25503
0.06928
-0.22912
0.74690
-0.39930
-0.19994
0.03545
-0.87635
-0.53727
-0.76303
-0.80244
0.78055
-0.93322
0.67807
0.01453
-0.77257
-0.01911
0.19888
-0.81957
0.95645
0.30604
-0.07774
0.72752
-0.47434
0.64793
-0.34205
0.88260
-0.51178
0.91422
0.02165
0.12916
0.98743
0.54197
-0.37240
-0.88425
-0.91185
0.62589
-0.17585
-0.23167
0.04625
0.78430
-0.18816
0.20878
-0.81039
-0.32804
-0.71032
-0.51024
-0.24206
-0.45936
-0.56880
0.26746
0.59943
-0.58297
0.79251
0.49142
0.07277
0.93993
0.12977
-0.56462
0.71553
0.72400
-0.37340
-0.34603
0.68003
-0.01493
-0.89620
0.55604
-0.14666
-0.44008
-0.33298
-0.26612
0.58958
-0.92262
0.45334
0.74537
-0.42837
0.31370
-0.53623
0.24391
-0.84975
0.93351
0.21994
-0.23257
-0.93886
0.71513
0.20709
0.69568
0.00923
-0.98418
0.83815
-0.17859
0.46473
-0.69779
0.63047
0.81921
0.55588
0.51425
-0.18960
0.40380
0.13092
0.16947
-0.31017
0.40847
-0.67827
-0.99697
0.12400
0.09297
0.10166
0.38907
0.85499
0.88842
0.80653
0.20821
0.85242
-0.76611
-0.31840
-0.92654
0.07674
0.47446
-0.63755
-0.14751
-0.80366
-0.39356
0.56025
0.07392
0.53814
0.27789
0.78630
-0.87862
-0.64846
-0.16734
0.47958
0.78591
-0.94829
-0.72487
-0.15183
0.52913
0.04887
0.50896
-0.66040
0.34545
0.23731
-0.98631
0.48045
0.98347
-0.74364
-0.27883
-0.61785
0.42880
-0.64427
0.97370
-0.96600
-0.92041
0.60866
0.71958
0.13251
0.50823
0.03903
0.17181
-0.61853
0.00688
-0.89817
-0.88781
-0.32961
0.26181
0.78396
0.34679
0.37053
0.39149
0.59966
0.32121
0.03987
-0.33653
0.86835
-0.50705
0.02241
0.48064
-0.49166
0.69117
0.07631
0.82027
-0.29859
0.87065
0.85544
0.17540
-0.79648
-0.26625
-0.44831
-0.46780
-0.54692
-0.99736
0.78601
-0.09300
0.15684
-0.36879
0.98803
0.96779
0.92910
0.33253
0.45232
-0.33191
0.04555
-0.45329
0.43676
0.55604
-0.83787
-0.55684
-0.59208
0.24820
0.45041
0.66873
-0.96221
-0.59576
-0.06181
-0.24321
-0.31921
-0.87230
0.52267
-0.19468
0.34858
0.10215
-0.89709
-0.38501
0.93089
0.86295
-0.24395
0.23534
0.12507
0.66112
0.91540
-0.84899
0.77605
0.12489
-0.61129
-0.55709
0.41153
0.19352
0.17259
0.93699
0.16349
-0.80040
-0.66679
-0.79581
-0.70751
0.34313
0.27971
-0.25513
-0.67425
-0.22096
0.59995
-0.20041
0.51024
-0.40958
0.28001
0.77023
-0.58071
-0.03929
-0.77402
-0.73526
-0.87200
-0.84141
0.25391
-0.17733
0.27718
0.71311
0.52715
0.95232
0.56307
0.87117
0.47830
-0.49276
0.43850
0.38703
0.54664
0.49443
-0.36323
0.02086
0.54613
0.14563
0.90770
-0.65686
0.81447
0.50444
-0.42765
0.25482
-0.07434
-0.74112
0.09877
0.93902
-0.11572
0.18193
-0.77806
-0.60030
-0.67407
-0.92625
-0.45455
-0.53973
-0.28291
-0.73131
0.99719
0.02704
-0.22431
-0.50029
-0.27050
-0.20188
0.85260
-0.00905
0.21837
-0.99038
0.17546
0.55492
0.31437
0.05663
0.65155
0.92487
-0.37253
0.59417
-0.42965
-0.97021
-0.81170
-0.34255
-0.38887
-0.96396
-0.67559
-0.11202
0.53354
0.36251
0.42907
-0.08044
0.83854
0.97789
0.86520
-0.07695
0.80984
-0.22710
0.20603
0.12064
0.69168
-0.43039
0.32664
0.20452
0.31293
-0.38013
-0.33671
-0.62361
-0.79863
-0.42687
-0.29035
0.07152
0.98167
-0.94364
0.41906
0.81031
0.73166
-0.76166
0.91055
-0.11820
0.75152
0.72990
-0.28970
0.26229
0.72910
-0.95802
-0.84636
-0.24657
-0.70161
-0.93181
0.56450
-0.34551
0.63495
-0.65276
0.35224
0.75120
0.51431
-0.54075
-0.28211
-0.27367
-0.46511
-0.32539
-0.82608
-0.09688
-0.09067
-0.94193
0.27420
-0.88108
-0.66161
0.36936
0.10913
-0.98793
-0.42383
-0.24678
-0.70701
-0.85093
-0.07851
-0.25921
0.64912
0.07507
0.63503
-0.07924
-0.97193
-0.99003
-0.66755
-0.26812
0.43642
-0.68115
-0.44246
0.28988
-0.42559
-0.35614
-0.68917
-0.22467
0.79147
0.77553
-0.21277
0.35092
-0.49557
0.89998
0.24936
-0.58610
-0.78069
0.13170
-0.45133
-0.85767
-0.68310
-0.90096
0.36177
0.56351
0.61473
-0.46989
0.79180
0.21597
-0.97120
-0.31194
0.06733
0.25553
-0.10653
0.62221
-0.71034
0.94966
0.66752
-0.31980
0.23248
-0.39249
-0.82156
0.04305
0.65058
0.52785
0.89528
-0.33291
-0.22052
-0.69917
-0.33259
0.10736
0.10059
-0.67916
-0.76582
-0.20290
0.66277
-0.63000
0.00157
-0.74737
0.72926
0.53329
0.12871
-0.22086
-0.01972
0.77381
0.81010
-0.00322
0.05845
0.81940
0.15720
0.55157
0.32279
-0.06069
-0.56046
0.20518
-0.63148
-0.60498
0.72398
-0.74870
0.29116
-0.12536
0.22521
0.47496
-0.39344
-0.91406
0.67102
-0.26138
0.32268
0.79144
-0.45180
0.99580
0.66871
0.58269
0.31323
0.08735
-0.22664
0.64446
0.19067
0.56328
0.97535
0.57651
0.70584
-0.02877
0.74751
-0.33231
-0.58937
-0.01129
-0.93758
0.65515
-0.47149
0.35500
0.58773
0.36369
0.30152
-0.52532
-0.04519
0.87284
-0.51779
-0.58177
-0.45506
0.55163
-0.33718
0.20615
-0.63197
-0.82508
-0.38217
-0.53824
0.81837
0.87377
-0.93624
0.18729
-0.91236
-0.15019
0.04316
0.68068
0.25006
-0.48959
0.80938
0.53460
0.12533
0.79431
-0.26384
-0.32454
0.23771
-0.82621
-0.24900
-0.62524
0.62105
0.44650
0.34935
0.82796
0.64192
0.09745
-0.96892
-0.81063
0.02952
0.90497
0.68612
0.87002
0.94683
-0.25495
-0.35820
0.56650
-0.57556
0.91830
0.86047
-0.26854
-0.31018
0.38536
0.43321
0.60069
0.18734
-0.80565
0.11902
-0.91382
0.51526
0.31930
0.19892
-0.54601
0.42743
0.44900
-0.31156
-0.93450
0.68723
0.54060
0.01929
0.41393
0.58235
-0.33866
0.82735
0.15341
-0.42418
-0.46627
0.78036
-0.26780
-0.69997
0.89266
0.30167
0.96443
-0.61233
0.65749
-0.01240
0.18156
-0.91022
0.12892
0.26709
-0.00380
-0.88075
0.03033
-0.89361
0.68726
0.18935
0.38204
0.29445
0.24688
0.90772
-0.64611
-0.05019
0.68481
-0.00607
0.52481
-0.64025
0.38324
0.82885
-0.67469
-0.14381
-0.91630
-0.54851
0.33230
0.74269
-0.31054
-0.94550
0.81057
-0.05788
0.82093
-0.34404
0.38221
-0.96510
0.02469
-0.33637
-0.32778
0.90669
0.50101
-0.33215
0.26567
-0.16891
0.15300
0.91900
0.23170
-0.69884
0.67654
0.45233
-0.78231
-0.67730
-0.40598
-0.15284
0.05683
-0.44981
0.65591
0.58557
-0.45250
0.23139
-0.79690
0.33993
-0.30521
0.33899
-0.40940
0.36086
-0.21245
-0.21636
-0.58607
0.44904
0.63861
0.85294
0.02824
-0.61371
0.20580
-0.60364
-0.17921
0.70615
-0.14184
0.85132
-0.25384
0.39649
0.17725
-0.79827
-0.17521
0.84942
-0.88890
-0.23190
-0.51872
-0.54438
-0.28576
0.84821
0.00500
0.60648
-0.29946
-0.08263
0.90219
-0.73403
-0.85939
0.41216
0.86341
-0.78220
0.30339
-0.70788
0.38793
0.25123
-0.91255
0.59585
0.97242
-0.12651
-0.31050
-0.90239
-0.54959
0.16203
0.20275
-0.49496
0.30868
-0.87981
0.88101
-0.81494
-0.33204
0.30210
0.00782
0.06185
-0.24175
0.53781
-0.43498
0.29855
0.84437
-0.33866
0.62688
0.57527
-0.75136
-0.68522
-0.17000
0.37467
0.31541
0.35995
-0.98123
-0.74278
0.52781
0.68383
0.49390
0.88905
0.83943
-0.55385
0.01953
0.57548
0.04490
0.23478
0.11648
0.46198
-0.87320
-0.01443
-0.54015
-0.32522
0.10328
0.48737
-0.17539
0.01524
-0.74206
-0.57033
-0.41434
-0.10007
-0.51944
-0.47347
0.78317
0.17228
0.87735
0.23616
-0.49856
-0.79493
0.09273
-0.11471
0.38301
0.51888
-0.20116
0.13483
-0.58883
0.88706
0.02561
-0.44751
-0.54172
0.90586
0.37884
0.41575
0.31384
0.55793
0.16094
0.00646
0.75746
-0.21410
-0.51473
-0.43675
0.80954
0.40535
0.70611
-0.24263
0.26604
-0.93689
0.84007
-0.06051
0.03981
0.53262
-0.32757
0.25197
-0.34620
-0.37779
0.29216
-0.13262
-0.79423
-0.52770
0.94357
0.39779
0.31890
-0.34781
-0.96036
0.14095
-0.92733
-0.47051
-0.61868
-0.10140
0.53731
0.25587
-0.37060
-0.41591
-0.84352
-0.65611
0.44256
-0.82110
0.83562
-0.14065
-0.84055
0.14429
0.66354
-0.30526
0.55978
0.41668
0.18188
-0.24601
-0.21235
-0.14338
-0.15395
-0.56215
-0.00647
-0.92026
0.12963
-0.90171
0.74456
0.72005
-0.32348
0.94806
0.90955
0.97724
-0.68456
-0.99416
-0.50364
-0.30742
-0.53332
0.51178
-0.54814
-0.10311
-0.48111
-0.30841
0.80591
-0.97460
-0.73555
-0.22387
0.68124
-0.57347
0.87047
0.93960
-0.24948
0.96973
-0.75583
0.52191
0.15872
0.24231
-0.02019
-0.55910
-0.71173
0.27035
0.60483
0.33929
-0.05679
0.88896
0.18296
-0.54650
0.36769
-0.35871
0.49784
0.99629
-0.46053
0.86374
0.39277
-0.80948
-0.50826
0.86932
-0.04043
0.76506
0.55859
-0.96343
0.54152
0.37160
0.73533
0.16102
0.25221
-0.77771
-0.57261
-0.92726
-0.11091
-0.34684
-0.42541
-0.00710
-0.63659
0.86758
0.88036
0.18293
-0.99838
0.80601
0.36579
-0.85230
0.99277
-0.37109
0.61844
-0.07710
0.17428
-0.04481
0.10491
-0.64937
0.17449
-0.69040
-0.10909
0.07524
-0.07620
0.66822
0.99234
0.94449
0.49186
-0.60009
-0.92734
-0.62279
0.15509
0.25654
-0.27045
0.27312
0.78259
-0.49296
-0.42728
-0.74916
0.05715
0.64153
-0.40045
0.57536
-0.12597
0.10108
0.97223
0.37956
0.94027
-0.80807
0.79618
-0.88311
-0.75336
0.26145
-0.25979
-0.36086
0.59139
-0.39659
0.21492
-0.07606
-0.41481
0.66484
0.14105
-0.85898
-0.46738
-0.65825
0.12061
-0.59582
-0.01526
0.45873
0.90999
0.52474
-0.83986
0.87649
0.94895
0.21422
0.91499
-0.33870
0.80243
-0.99927
-0.03344
-0.70505
-0.37002
-0.65725
0.18581
0.31522
-0.30207
-0.89261
-0.90566
-0.88828
-0.85698
-0.96865
0.94736
0.46959
0.50477
-0.93337
-0.76479
-0.47739
0.78672
0.94412
0.98815
-0.30643
-0.41540
-0.62551
0.48630
0.43604
-0.62221
-0.13212
-0.90881
0.31095
0.56208
0.72580
0.57071
-0.13302
-0.30436
-0.88922
0.63888
-0.78792
-0.98785
-0.44992
0.88554
0.34852
-0.22868
0.71389
0.34965
0.21619
-0.12115
0.92257
0.64581
-0.97900
-0.71677
-0.03438
0.16124
-0.41402
-0.12227
-0.20347
-0.72539
0.90552
-0.27991
0.67395
-0.91733
-0.15234
-0.84872
-0.37237
0.89197
0.70901
-0.65294
0.07177
-0.41022
0.80574
-0.83723
0.57495
-0.65118
0.43998
-0.53599
-0.58573
-0.56774
0.95334
-0.23630
0.27058
-0.90687
-0.53586
0.74968
-0.07971
-0.99387
-0.07012
0.64814
0.74377
-0.39785
-0.52799
0.66316
-0.12449
0.01417
-0.62905
-0.69700
0.81361
0.98550
-0.21984
0.65362
0.90812
0.78768
0.68201
0.36657
-0.65641
-0.52490
-0.13143
-0.94988
-0.46271
0.96032
-0.37462
0.14350
0.22333
0.80308
-0.20792
0.38553
-0.59103
-0.87429
0.24477
0.37604
-0.40643
0.14312
-0.36755
0.61900
-0.26900
0.39758
0.26685
0.92916
-0.59841
0.19636
-0.83259
0.08883
0.69230
-0.91860
-0.34128
0.41870
0.72062
0.00180
0.98952
-0.14272
-0.46531
-0.05410
-0.67831
-0.68220
-0.46332
0.51424
0.21835
0.93387
0.54664
0.14573
-0.09955
-0.42589
0.50477
-0.81128
-0.78643
0.46979
-0.29082
0.16127
-0.40229
0.42736
-0.27903
0.43692
0.99065
-0.83260
-0.06359
-0.81239
0.45034
0.82409
-0.82717
0.03990
0.10526
0.37030
-0.40069
0.20376
-0.60299
0.31351
0.39671
-0.08064
-0.68468
-0.15643
0.19211
-0.35534
0.66146
-0.75463
-0.49764
0.87522
0.31042
0.50582
0.62172
-0.90315
-0.17058
0.45098
-0.72191
0.26511
-0.50633
0.67994
0.67334
-0.09386
-0.21048
0.92319
-0.98364
-0.20312
-0.02446
0.23627
-0.85998
-0.71462
0.30845
-0.56336
-0.76174
-0.91373
-0.66888
0.02221
0.73454
0.53252
-0.73010
-0.87016
0.34489
-0.03559
-0.00916
-0.37303
-0.35300
0.81820
-0.09933
0.49727
-0.62949
-0.83016
-0.58594
0.11783
0.32340
0.87843
-0.91951
-0.67268
-0.12375
-0.34866
-0.82014
0.62064
-0.20088
0.31063
0.13369
-0.99376
0.30270
-0.36581
-0.46813
-0.07910
0.24632
0.60371
0.12233
-0.95039
0.58708
-0.45382
0.64582
0.37711
0.20780
-0.22610
-0.86893
0.99719
0.32209
-0.54166
-0.81549
-0.51804
0.80514
-0.56530
-0.04095
0.81846
-0.61244
-0.10402
0.23560
0.18843
0.33175
-0.46464
-0.15227
0.59865
0.86463
-0.06056
-0.38739
-0.12126
-0.38628
-0.44997
-0.72251
-0.66691
-0.01211
-0.82683
0.85368
-0.70305
-0.67904
0.43545
0.34979
-0.28296
-0.81908
-0.98350
-0.25444
0.57661
-0.10543
-0.80075
0.61166
0.31891
-0.09527
0.06672
0.05333
0.25936
0.29313
-0.61634
0.60346
-0.60686
-0.17741
-0.52861
-0.45559
-0.98266
0.85656
0.04044
-0.07175
0.04706
-0.32638
-0.33524
0.97658
-0.05257
0.49372
0.33992
0.59118
-0.45491
-0.43217
0.43451
-0.63073
0.66741
-0.66067
0.90653
0.44510
-0.73150
0.70618
0.86339
0.12837
-0.20235
-0.11679
0.40336
-0.47991
-0.94294
0.89593
0.99234
0.55897
0.97880
-0.02489
-0.74403
-0.07127
0.48518
0.34678
0.74796
0.51650
0.23435
-0.45037
-0.32724
0.67145
-0.22823
-0.83931
0.73117
-0.12925
-0.65584
-0.99141
0.30499
-0.26062
-0.24780
-0.11732
0.03225
-0.39977
-0.04336
-0.98751
-0.65713
-0.39289
0.48893
0.16179
0.40241
0.60933
0.70397
-0.76456
0.31453
0.50590
0.40426
0.21024
-0.92347
-0.60970
-0.33864
0.28567
-0.56519
-0.84618
0.96118
-0.58648
0.96651
0.22074
-0.50404
0.03592
0.42566
-0.48026
-0.77063
0.09934
-0.56220
-0.37565
0.94627
-0.38162
0.89250
-0.17888
-0.97933
-0.37986
-0.68959
0.98817
-0.09952
0.09044
-0.47534
0.76508
-0.79388
0.64713
-0.14565
0.84069
0.05602
0.74167
-0.29438
-0.19970
0.19585
0.82304
-0.73403
-0.91567
-0.19792
0.19142
0.83936
-0.41245
0.09008
0.56336
-0.34520
-0.80947
-0.11663
-0.94185
0.35078
-0.77682
-0.60072
0.06032
0.25471
-0.25281
0.21291
0.69278
0.40389
-0.21425
0.14374
-0.50045
0.45469
-0.31334
-0.84273
-0.39554
-0.39920
-0.95356
-0.64777
0.72184
0.31190
0.71308
-0.45812
0.79190
-0.58242
0.92834
-0.17128
-0.54087
0.63674
-0.27911
0.00305
0.49535
0.66370
-0.21106
-0.80673
-0.46922
0.58389
0.87372
0.13652
0.87604
0.19450
0.97590
0.52470
-0.62877
0.03354
0.28030
0.73790
0.20024
0.99934
-0.74165
-0.41326
-0.04624
-0.74084
-0.54375
-0.63786
0.34403
-0.34843
0.58118
0.09203
-0.53889
0.37352
-0.90183
0.14520
0.98752
-0.27406
0.11744
0.85456
-0.48025
0.66495
-0.64975
0.75968
-0.44073
0.69895
0.61343
-0.62175
0.95712
-0.49254
0.55709
0.62157
-0.00409
0.83145
-0.79803
-0.72835
0.71663
-0.96271
0.45666
0.63332
-0.76756
-0.02289
-0.30510
0.54778
-0.42943
0.64879
-0.65388
0.72729
0.85211
-0.61779
-0.89930
0.09690
-0.98096
0.65673
0.81709
0.41059
-0.51334
0.17846
0.87780
0.79100
0.21245
0.58476
0.67234
0.12028
-0.99861
-0.49745
-0.13610
-0.13869
0.75047
-0.86472
-0.32019
-0.64588
-0.50793
0.45564
-0.42359
-0.52532
-0.72068
-0.55854
0.63509
-0.24354
0.33103
0.87163
-0.14704
0.21032
0.93917
-0.27070
0.32890
-0.37049
0.77143
-0.40891
-0.40927
0.81416
-0.01423
-0.58572
-0.94836
-0.65958
-0.39532
0.92288
0.56731
0.34651
0.68144
-0.15829
0.40747
-0.03743
0.64115
-0.12522
0.71995
-0.98221
0.99206
-0.44960
-0.93297
-0.69580
-0.04081
0.77768
-0.43316
0.56825
-0.65921
0.46259
-0.50676
-0.83632
0.70582
0.37310
0.91622
0.97011
0.06945
0.81196
-0.04670
0.77934
-0.95230
-0.74255
0.48128
-0.21796
-0.21274
0.20370
-0.95223
-0.22466
-0.88651
0.37914
0.04078
-0.84783
-0.18748
-0.13957
0.31862
-0.56322
-0.83782
-0.06466
0.45734
0.22797
0.80120
-0.49444
-0.55981
-0.52839
0.62026
0.40482
0.75701
0.42202
0.32216
-0.12085
0.12559
0.98062
0.91463
-0.32636
-0.68909
-0.16584
0.10895
-0.94050
0.73341
0.78883
-0.00562
-0.58143
0.44319
0.39943
-0.07851
-0.65881
0.58874
0.77700
-0.71497
0.87934
-0.99948
-0.12239
-0.97766
-0.53097
0.41397
0.38833
-0.46976
-0.34685
-0.81353
-0.91680
0.51856
-0.35025
0.04364
0.90378
0.33796
-0.05376
0.29874
0.33127
-0.53971
0.60978
0.00557
-0.13194
0.41807
0.11053
-0.48999
-0.84960
0.17820
0.34848
0.17603
0.06740
-0.05477
-0.35238
-0.13803
0.52980
0.99293
-0.46996
0.58413
-0.73078
-0.92893
-0.09211
0.12595
-0.53823
-0.71048
0.35419
-0.29186
0.02094
0.38941
0.19059
0.01222
0.55280
0.37041
-0.36101
0.66429
0.32164
0.17414
-0.96184
0.67390
-0.77200
0.68084
-0.32501
-0.14113
0.58756
-0.71687
0.21620
0.86126
0.27289
-0.90446
0.39669
-0.48578
0.38180
-0.27364
0.08377
-0.55572
0.81097
-0.25292
-0.84237
-0.93814
0.25380
0.87399
-0.36013
0.49035
-0.42214
-0.75129
0.02816
-0.22498
0.95722
-0.41636
0.18469
0.14271
0.23171
0.12183
-0.44028
-0.69630
0.46603
-0.92060
0.60324
-0.18717
0.66002
0.94207
-0.15503
-0.89219
0.57407
0.26015
0.01764
0.13537
-0.38162
0.49427
-0.32668
0.76671
-0.33269
0.59203
0.60957
-0.89952
-0.19499
0.93038
-0.17125
-0.33895
0.27274
0.71605
0.57657
0.07682
0.48334
0.47944
-0.11041
0.70082
-0.01093
0.89632
0.59558
-0.73391
-0.52446
-0.74455
0.06824
-0.88661
-0.06285
0.96538
0.36444
0.74180
-0.00758
-0.42468
-0.63396
0.92244
0.51252
0.90071
0.34253
-0.62789
-0.42032
-0.88358
-0.91187
-0.44088
-0.65906
0.35420
0.80484
-0.29603
-0.79968
0.58600
-0.06314
0.37468
0.36616
-0.15713
0.31869
0.26685
0.05029
-0.61744
0.02381
0.49666
-0.16035
0.47496
0.37294
0.91145
-0.38419
-0.31540
-0.22593
-0.94765
0.26709
0.13050
-0.26898
-0.15708
-0.07560
-0.37112
-0.54868
-0.76813
-0.73207
0.89305
-0.01513
0.49643
-0.37813
-0.98459
0.23124
-0.28485
0.29766
0.69195
-0.79729
0.17660
0.16476
0.04361
-0.09080
0.93340
-0.63539
0.11878
0.25295
-0.93974
0.28455
0.67632
-0.20973
-0.12532
-0.83023
0.16275
0.74336
-0.58619
-0.81078
-0.62410
0.33567
0.46484
0.26202
-0.06359
-0.37128
0.28293
0.12405
0.32745
-0.75025
0.34805
0.36062
0.86024
0.65764
-0.64380
0.89848
-0.60075
-0.56464
-0.98296
-0.39875
-0.45106
0.17290
-0.20689
-0.62719
-0.21437
-0.69081
0.66461
-0.70050
0.35909
0.50018
-0.97022
-0.71551
-0.93869
0.61739
-0.90571
0.33236
-0.08794
0.60599
-0.28312
-0.94933
-0.56282
0.42183
0.09784
0.73939
0.47767
-0.79354
0.94287
0.47743
-0.97228
0.35824
-0.02899
-0.93056
-0.77112
-0.84675
0.21565
-0.53307
-0.71598
0.06035
0.86060
0.23381
0.37978
-0.53115
-0.58631
-0.92527
0.32673
0.01451
-0.02840
0.72339
0.93103
0.51938
-0.50664
0.35253
0.51861
0.17238
0.64488
0.85367
0.27513
-0.96212
-0.63132
-0.94652
0.87000
-0.03107
0.58957
-0.08633
-0.01158
-0.14857
0.78354
0.74857
0.26630
-0.41544
-0.41664
-0.50900
0.40870
0.54922
0.64531
0.61238
-0.49246
0.60100
0.25942
-0.53700
-0.23785
-0.09360
0.00112
0.08114
-0.30971
-0.41714
0.40706
0.86816
0.18835
0.18618
0.47746
-0.25471
-0.09346
0.01875
0.85742
-0.09842
0.27487
-0.08127
0.10755
-0.91753
0.60440
0.34302
-0.59934
-0.97083
0.52633
0.13502
0.30843
0.26948
0.46866
0.77465
0.33182
-0.75865
0.42747
-0.10555
0.28196
0.29779
0.35675
-0.88234
-0.55209
-0.66404
0.85706
0.03046
0.34673
0.33560
-0.83708
-0.54985
-0.43162
0.82753
-0.54180
-0.50276
0.35258
0.29698
0.40735
0.67421
0.45459
-0.96113
0.16749
0.84175
-0.81664
0.10912
0.86161
-0.60109
0.05064
-0.74652
0.49745
-0.37066
-0.62565
0.96079
0.42565
0.65130
0.36644
0.37880
0.06175
-0.62229
-0.01397
0.11908
0.65656
-0.59426
0.05549
0.61562
-0.28979
0.09551
0.43488
-0.59498
0.28751
-0.99982
0.02635
0.13966
-0.98593
0.78494
0.66639
0.55033
0.57627
-0.25274
-0.69538
-0.29548
0.29020
0.86387
-0.81336
0.47756
-0.88947
0.51432
-0.07302
-0.90999
0.68406
-0.67058
-0.76985
-0.45688
-0.37123
0.21218
0.35493
0.97528
0.98652
0.51507
-0.44988
0.90803
-0.17784
-0.56675
0.25826
-0.97026
-0.91340
-0.63948
-0.59907
0.43872
-0.11426
0.69099
-0.22042
0.67510
0.49684
0.16772
-0.67885
0.05768
-0.07466
-0.24091
-0.81354
-0.48171
-0.32833
-0.24978
-0.70748
-0.36646
-0.43755
0.64025
-0.31582
0.74400
-0.46394
0.55086
0.21842
-0.96406
0.40302
-0.96850
0.36779
0.75580
-0.13639
0.26269
0.17208
-0.54518
0.56931
-0.42473
0.84875
-0.40305
0.07261
-0.33271
-0.52541
0.09048
-0.78463
-0.72569
-0.81115
-0.37823
0.62527
0.02712
0.73295
0.96097
-0.34669
-0.56077
0.03645
-0.29399
0.71895
-0.47996
0.68744
0.16560
0.43881
-0.31295
-0.98145
-0.61511
0.01478
-0.95152
0.10008
-0.44763
0.39248
0.76271
-0.95064
-0.31759
-0.15719
-0.83998
-0.84129
-0.85525
0.80068
0.93862
-0.21739
-0.37283
0.10663
0.58410
0.59663
0.72652
0.59592
-0.98725
0.83980
-0.96408
-0.94117
0.42290
0.07683
0.04918
0.00448
-0.86866
-0.53992
-0.76592
0.97954
-0.85897
-0.87995
0.32315
-0.31188
-0.74297
0.27427
0.49298
0.61053
-0.46195
-0.13204
-0.19639
0.21628
0.54017
0.88225
-0.73707
-0.48855
-0.24338
0.98747
-0.31810
0.79910
-0.52504
-0.56000
0.98215
0.90221
0.27643
0.00826
-0.28376
0.53690
0.56873
-0.94216
-0.89512
-0.35316
0.59937
0.26046
0.96560
-0.68350
0.23335
-0.38257
-0.82984
0.75366
0.18140
-0.39375
-0.66386
-0.32025
-0.86511
0.30698
-0.51143
0.51584
-0.40197
-0.16237
-0.88834
-0.93829
-0.62684
-0.45819
-0.86751
-0.33301
-0.90019
-0.79738
-0.85626
0.80903
-0.37640
0.18354
-0.24475
0.90313
0.48479
0.77419
0.19779
0.37926
-0.21777
-0.55345
-0.73748
-0.65504
0.87720
-0.93104
0.75911
0.04465
0.61649
-0.10484
-0.30692
0.51430
-0.27957
0.11321
0.77744
0.68033
-0.51195
-0.12876
0.65711
-0.69459
0.51591
0.75302
0.00425
0.14053
0.70296
0.96929
0.58043
-0.29863
0.00381
-0.48958
0.01974
-0.84276
-0.88820
0.26998
0.23381
-0.83705
0.21904
0.08934
0.71184
0.28538
-0.45673
-0.78650
-0.87897
0.24377
0.39814
-0.45012
-0.15606
-0.26835
-0.83568
-0.86046
-0.75822
0.35571
-0.56213
-0.52544
-0.98273
0.45422
0.12207
0.10395
0.48451
0.64927
-0.21321
-0.72811
-0.60851
0.44060
0.33927
-0.88030
-0.23145
-0.01753
0.54832
-0.70438
-0.02893
-0.85633
0.57489
-0.21254
-0.52768
-0.83886
-0.84199
0.85486
-0.59057
0.91316
-0.32052
0.91993
-0.31371
-0.87315
0.22495
0.11123
0.81290
-0.59755
0.57539
-0.30456
0.94430
0.67210
0.42361
-0.57020
-0.96910
-0.57991
0.07294
-0.78308
0.70752
0.82170
-0.33255
-0.06171
-0.99421
-0.37818
-0.02956
-0.47567
0.36622
0.82237
0.14100
-0.46944
0.85694
-0.87151
0.25260
0.89656
0.03279
0.91341
-0.45596
0.05398
0.82238
-0.57063
0.65357
-0.72334
-0.12450
0.75057
0.40862
-0.00596
0.21919
-0.84434
-0.51713
-0.94843
0.69295
-0.97027
0.10083
-0.76066
0.17590
0.24442
0.49404
-0.38014
0.83301
0.56453
-0.79791
-0.43779
0.81501
-0.77783
0.57964
-0.79544
0.53589
0.32411
0.54620
0.86396
-0.64623
-0.95916
0.66728
-0.05361
-0.78271
-0.82189
-0.76974
-0.66405
0.94502
-0.42799
0.19805
0.70442
-0.51043
0.45434
-0.19842
-0.37880
0.30760
-0.21635
-0.76133
0.95708
0.03650
0.01554
-0.34996
-0.60546
0.72579
-0.46426
0.07736
0.10293
0.92651
-0.46085
-0.46856
-0.38002
0.11460
-0.24362
-0.50847
0.35236
-0.47741
0.92297
-0.00485
-0.14446
0.13558
0.22608
0.61399
0.76157
-0.68004
-0.82165
-0.37373
0.21471
-0.24252
0.85109
-0.88597
0.98803
0.33392
0.23430
-0.70423
-0.94201
0.14494
-0.94004
0.42307
-0.57192
-0.48963
0.91719
-0.63622
0.59691
-0.91991
-0.38168
0.93418
-0.46602
-0.75625
0.21476
0.29070
0.74885
0.79466
-0.89364
0.51903
0.71781
-0.03655
-0.84981
-0.81856
-0.59957
0.55657
-0.18544
0.65408
-0.70406
0.46583
-0.70022
0.67686
0.09073
0.92234
-0.84901
0.86767
-0.28115
-0.86614
0.93187
0.29891
-0.15877
0.19288
-0.30582
-0.56475
-0.92432
-0.69315
-0.25324
0.75363
-0.11770
0.27554
-0.22439
0.67439
0.53263
-0.74883
-0.81468
0.32064
-0.24466
-0.78442
0.24762
0.24320
0.82325
0.21226
-0.02931
0.15348
0.96420
0.03714
-0.30260
0.96575
0.98402
0.79231
0.48316
0.32947
0.46673
-0.12817
-0.20074
-0.56422
0.76326
0.88414
0.89791
-0.78711
-0.88405
-0.67255
0.05495
-0.86050
-0.97971
-0.81664
0.21487
-0.88783
0.31620
0.15164
-0.85233
-0.51686
-0.29761
-0.74652
0.47882
-0.10864
-0.96478
0.36342
0.76167
-0.72036
0.62171
-0.49428
-0.95123
0.06145
0.86971
0.53866
-0.19050
0.43562
-0.03735
-0.11765
0.88472
0.15756
0.56722
0.42961
-0.71567
0.38584
-0.21270
-0.74446
0.28181
-0.00498
-0.87205
0.04707
-0.37092
0.70978
-0.98197
-0.59483
0.76121
-0.56390
-0.36462
-0.31207
0.60015
0.14217
0.62648
-0.82764
-0.61573
0.25900
-0.87227
0.48592
0.20679
0.59689
-0.67881
0.47586
0.51408
0.76262
-0.14152
-0.62503
-0.39394
-0.35849
-0.11599
-0.27623
0.25120
0.87765
-0.42619
-0.51080
0.84171
0.85243
-0.38012
-0.84705
0.56176
-0.73851
-0.07704
-0.11966
0.21000
-0.74596
0.19809
-0.73575
-0.76933
-0.11785
-0.45780
0.88821
0.03329
-0.10942
-0.38282
-0.06080
0.55889
-0.66237
-0.95510
0.41746
0.21030
-0.17264
0.82954
-0.04564
0.83244
-0.00619
0.85511
0.40730
0.38928
-0.99081
0.08044
-0.17406
0.25626
0.08707
-0.56800
0.10421
0.72550
-0.99012
-0.74983
0.55014
-0.95923
-0.71473
-0.35918
0.80950
0.22831
-0.96820
-0.37721
-0.61446
-0.44906
-0.94658
0.66128
0.52856
0.44231
0.64543
0.52909
-0.75887
-0.23134
-0.94415
-0.99739
-0.98600
-0.66443
-0.69913
0.03099
-0.16223
0.18763
-0.44604
0.18565
0.17028
-0.75682
-0.84281
-0.93587
-0.66366
0.04834
0.68274
-0.38718
-0.61768
-0.86976
0.89202
-0.51047
0.25081
-0.58665
-0.51651
0.48683
-0.68799
0.64634
-0.81203
0.95960
0.30644
-0.43177
0.73447
-0.93972
0.52188
0.79235
0.23775
0.44149
-0.07230
0.51777
-0.98572
-0.61303
-0.81710
-0.66413
0.88450
0.69886
-0.72543
0.32145
-0.92302
-0.70367
-0.63047
0.29072
0.71311
0.70675
-0.01192
0.56175
-0.45069
0.93476
0.98106
-0.83110
-0.34041
-0.46340
-0.56815
0.53404
-0.26989
-0.69197
-0.66996
0.78673
0.89158
0.03493
-0.96325
-0.16139
-0.75583
0.90370
-0.45964
0.78731
0.79038
0.55106
0.81764
-0.96664
0.91858
-0.84949
-0.42973
-0.02377
0.94114
0.13623
-0.45206
-0.74183
-0.68962
-0.46238
-0.13222
-0.20819
-0.14951
0.22878
-0.10639
-0.97595
-0.93146
-0.20246
0.95890
0.08554
0.82477
-0.35168
-0.41897
0.75795
0.55829
-0.21118
0.76465
-0.14866
-0.06724
-0.15014
-0.08958
0.39085
-0.80884
0.46692
-0.73996
-0.00694
-0.48068
0.18333
-0.54476
0.91024
-0.87398
-0.63351
0.24848
-0.41719
-0.72563
-0.62213
0.91323
-0.40677
-0.52559
0.32032
-0.99141
-0.84366
-0.38083
-0.55206
0.39058
0.40046
0.70363
0.11812
0.14066
0.06184
0.71777
-0.10731
-0.23324
0.19072
-0.38992
-0.79778
-0.25612
-0.55569
0.28645
0.55331
-0.13993
0.24212
-0.44185
-0.04390
-0.37052
0.65434
0.48632
-0.71138
-0.86347
0.06427
0.48791
0.67147
0.44133
0.77525
-0.67429
-0.59752
0.76392
-0.07608
-0.62590
0.44976
0.76711
0.59602
0.68594
0.07609
-0.58082
0.06089
0.68660
-0.56932
0.43345
0.72534
-0.05747
-0.07899
0.88506
0.25669
0.61277
-0.19692
-0.35721
-0.24239
0.43794
-0.61387
-0.02003
-0.75846
-0.72016
0.89439
0.26189
-0.12269
0.41552
0.05929
0.30485
0.55637
0.23604
0.00417
-0.02926
-0.77970
0.83310
-0.13476
-0.14600
-0.94143
0.02085
0.92741
-0.44930
0.48682
-0.76639
0.53866
0.53144
0.08153
-0.66136
0.86024
-0.58358
-0.96048
0.20322
0.21474
-0.06229
0.19263
0.44692
-0.18378
0.19523
-0.14858
-0.75632
-0.30009
0.09349
-0.74580
-0.83701
-0.42109
0.35363
-0.08592
-0.00157
-0.88304
-0.85279
-0.32425
-0.32786
0.96992
0.50333
0.29306
0.76573
0.02378
-0.24759
0.76752
-0.50848
-0.67199
0.31721
-0.48876
-0.68479
-0.44679
-0.40258
-0.98819
-0.54270
0.34024
0.96333
-0.48770
0.23835
0.94366
-0.01566
-0.39795
0.19419
0.08677
-0.74046
0.10444
-0.70187
-0.48290
0.05742
0.62675
0.43707
0.00164
0.78796
0.90143
-0.07529
-0.42481
0.85273
-0.00734
0.75466
-0.57352
-0.77120
-0.75137
0.14821
-0.06726
-0.25192
0.50923
-0.08880
0.41206
0.85902
0.64093
-0.92030
0.93238
0.77594
0.27755
-0.97809
0.95452
-0.22894
-0.20068
0.02058
0.10326
0.91779
0.71080
-0.04659
0.75563
-0.22024
-0.90167
-0.38513
-0.35958
-0.07741
-0.02373
0.41348
-0.26541
0.88288
-0.46362
0.49079
0.81815
0.16911
0.81301
-0.88663
0.11347
-0.99408
-0.69369
-0.18502
-0.53311
0.07063
-0.37679
0.41727
0.17412
-0.52162
-0.87188
-0.99326
-0.62185
-0.01759
0.23294
-0.75445
-0.73394
-0.37164
-0.82429
-0.18241
-0.43536
0.26118
-0.56049
0.30851
-0.61306
-0.81080
0.83672
0.11648
-0.16472
-0.77911
0.10549
-0.77744
-0.52796
-0.72269
-0.34352
-0.30712
0.85751
0.77663
0.58009
-0.85106
-0.16041
-0.20655
-0.17414
0.94791
-0.52421
-0.78285
0.60006
-0.91037
0.91991
0.60329
0.92119
0.53150
0.21646
0.97808
0.12511
-0.00822
-0.49392
-0.60808
-0.01453
0.42177
0.97524
-0.33076
-0.55967
-0.30944
-0.81679
0.26320
-0.24362
0.77473
-0.14695
0.78155
-0.55154
0.59386
0.71656
-0.14581
0.17772
-0.81660
-0.49883
0.18754
0.04116
0.82811
0.32659
-0.00069
0.26961
-0.82728
-0.91839
0.50313
-0.35249
-0.86702
0.84651
-0.89128
-0.86411
0.14707
-0.12160
-0.94526
-0.90060
-0.52289
-0.74540
0.26066
-0.04717
-0.78001
-0.12914
0.80376
0.13167
0.46129
0.96192
0.17642
0.00632
0.06319
0.21257
0.52863
0.20125
0.44517
-0.12957
0.29305
-0.64661
0.75295
-0.49662
-0.28703
-0.39331
0.93552
-0.61542
-0.80427
0.38758
-0.80795
-0.60123
0.21411
0.41942
0.78106
0.20528
0.72491
0.35191
0.57000
0.07330
-0.99111
-0.60278
-0.12255
0.11658
-0.22974
0.29372
0.17135
0.53266
-0.65073
0.00623
-0.23465
0.95440
0.87217
0.78547
-0.11294
0.50305
0.81881
-0.25336
-0.76742
0.05024
-0.31775
0.69881
-0.62754
-0.58251
0.06086
-0.83143
-0.51846
0.26911
-0.77785
0.21469
0.77952
-0.01863
-0.37298
0.52428
0.90905
0.29177
-0.02936
-0.12364
-0.62724
-0.11373
-0.02376
0.72226
0.43291
0.24067
-0.82045
-0.77648
0.15118
-0.07669
0.09090
-0.92398
0.15857
0.25796
-0.03615
-0.67895
0.50876
0.58699
-0.41726
0.01522
-0.52402
-0.61463
0.61739
-0.86665
-0.60828
0.94956
0.15018
0.16643
0.90004
-0.79992
0.75747
0.78290
-0.57193
-0.66610
0.29225
-0.63931
-0.76690
-0.26933
-0.19525
-0.82038
0.36754
0.09379
0.97192
-0.57450
0.83798
0.33032
0.48696
-0.24309
-0.05046
-0.78748
0.76757
-0.10979
0.33646
0.45643
-0.42871
0.18737
-0.25894
0.59128
-0.85293
0.98548
0.55206
-0.98526
0.77790
0.72825
0.39519
0.76998
-0.06871
-0.25688
-0.83396
0.99444
0.73966
-0.99986
0.35995
0.30976
-0.17637
-0.04726
-0.22346
-0.09589
-0.94648
-0.14943
-0.78839
-0.91378
0.11224
0.22257
0.47766
-0.48616
0.45252
0.42651
0.00753
0.78554
0.55877
-0.01028
0.52301
0.33409
0.95622
-0.76586
0.73865
0.13571
-0.75970
0.94066
0.67993
-0.87537
-0.44385
-0.18074
0.25362
0.83821
-0.16970
0.42300
0.94175
-0.12906
0.27076
0.80311
0.74317
-0.71457
-0.59880
0.24186
0.55006
-0.50638
-0.26110
-0.31781
-0.08722
-0.65835
0.49121
-0.80404
0.78054
-0.83581
0.56305
0.69736
-0.09825
0.21065
-0.29106
0.51819
0.17888
0.22314
0.68634
-0.08602
0.76558
-0.01285
0.24570
0.12433
0.44332
0.09354
0.56888
-0.10729
0.82382
-0.82683
0.99787
0.45516
0.11681
-0.71435
0.67527
0.45049
-0.16524
-0.45366
-0.37058
0.16339
0.37872
0.72774
-0.57828
0.01350
-0.14990
-0.52060
0.51505
0.58382
-0.22824
-0.36389
-0.03815
-0.44299
-0.68393
-0.20918
-0.42909
-0.51390
0.28504
0.91385
-0.62733
0.81903
0.13748
-0.61297
0.40848
0.30316
-0.33621
0.04314
-0.95047
-0.95545
0.59705
-0.78438
0.37761
0.55005
0.58299
0.41894
0.89308
-0.40396
0.99164
0.10889
0.31218
0.89070
-0.55073
0.96304
-0.65876
0.88212
0.91392
-0.64997
-0.89138
-0.46358
0.09202
0.55037
0.20752
-0.36781
-0.13329
0.68556
0.25227
-0.45490
0.02907
0.77680
-0.65141
0.64014
-0.63762
-0.80547
-0.93737
-0.97965
0.93489
0.77608
-0.90063
0.34041
0.95324
-0.55947
-0.83188
-0.28227
0.46637
0.20429
-0.09726
0.82561
-0.99365
0.02016
-0.71108
0.00930
0.13643
0.28434
-0.58613
-0.31963
-0.34505
0.22993
0.18238
0.37585
-0.66712
0.30445
0.53728
-0.20847
-0.20747
0.38424
-0.52465
0.89777
-0.72850
0.02303
-0.91714
-0.37518
-0.35646
0.89664
-0.58532
-0.02131
-0.11065
0.64170
-0.96504
0.57703
0.08158
-0.90905
0.02770
-0.10875
-0.01727
0.31978
0.01074
0.48372
0.88770
0.59865
-0.12455
-0.81937
0.86714
-0.24325
0.51784
0.60759
0.60847
0.19159
-0.35003
0.49670
-0.04706
0.03118
-0.03981
-0.15197
-0.64796
-0.43889
0.75534
0.74771
-0.02083
0.21256
0.43537
-0.71995
0.16611
-0.61000
-0.87332
-0.87220
0.87973
0.04037
-0.69977
0.29318
0.16756
-0.37533
0.34429
-0.20589
-0.56097
-0.51836
-0.22725
-0.93300
-0.30655
0.10408
0.11688
-0.86637
0.16388
-0.04828
0.32387
0.57220
-0.61994
0.92302
0.07012
0.82904
0.29133
-0.69306
-0.89564
-0.96990
-0.60727
0.05542
-0.70466
-0.85373
0.10968
0.96257
-0.67428
-0.68680
-0.67266
-0.84302
0.43680
-0.10747
0.02024
0.21029
0.76614
-0.75617
-0.41949
-0.87532
-0.71293
-0.86407
-0.62983
0.53735
0.79535
0.03654
0.68926
-0.54249
-0.14325
-0.26342
0.39210
0.88876
-0.56423
0.50601
0.03968
0.52015
0.76174
-0.52504
0.87939
-0.94570
0.12303
0.78090
-0.66602
-0.14951
-0.34621
0.13518
0.65397
-0.21664
0.24270
0.93030
0.65694
0.62680
0.91019
-0.63376
0.34086
0.47119
0.63910
0.36204
-0.33988
-0.93062
-0.75962
-0.43257
0.67647
0.80271
-0.10011
0.97707
-0.93242
0.71890
0.05711
0.95092
0.75444
-0.67733
-0.29325
-0.88399
-0.11177
-0.11781
-0.34660
0.82880
-0.01089
0.42047
0.32928
0.66356
-0.48393
0.53848
-0.17887
-0.88869
0.74130
0.94460
-0.76605
0.01663
0.51113
-0.78003
-0.93227
-0.11780
-0.74043
0.94320
0.88031
0.86624
0.96752
0.38607
0.40495
-0.25738
-0.87179
-0.11310
0.08597
0.08032
0.57257
0.20282
0.89403
0.26244
0.75767
-0.75463
0.62710
0.95521
-0.53751
0.82547
0.35274
0.45013
0.37158
0.59344
0.05925
0.50928
0.00711
0.81408
-0.75278
0.70445
-0.64991
0.52833
-0.08134
0.21213
-0.27192
-0.19611
0.46015
0.91026
0.75760
0.21946
0.93553
0.26828
0.55453
0.79701
-0.54687
-0.79747
0.65652
-0.15106
0.45419
0.87350
-0.40694
-0.37560
0.09939
0.10516
0.28080
0.19330
-0.67765
-0.16418
-0.26189
-0.83947
-0.52738
0.98868
0.81861
0.58157
-0.72971
0.10068
-0.89232
0.35311
0.64456
0.82280
-0.70559
-0.39028
0.55974
-0.02554
0.09835
0.75643
0.97658
-0.96170
-0.29735
0.06929
0.49564
0.94003
0.39029
-0.45346
0.90228
0.81534
-0.08515
0.46634
0.11648
0.98779
-0.22140
0.76337
0.78654
-0.22800
0.45510
0.82530
0.80825
-0.83710
-0.93332
0.14482
-0.98142
-0.60334
-0.95864
0.58454
-0.61834
0.90417
0.54045
0.63315
-0.14790
-0.39956
0.36058
0.71703
0.74359
0.79412
0.68717
-0.02970
-0.02292
-0.86933
-0.08604
0.19111
-0.77983
-0.31243
-0.47187
0.16036
-0.12922
-0.16980
-0.89157
-0.48061
-0.51164
0.41819
0.31770
-0.76164
-0.74156
-0.84406
0.47048
0.11230
0.66874
-0.78775
-0.48688
-0.89175
0.31311
-0.44513
0.41826
-0.73941
0.04799
-0.90822
-0.79739
-0.06213
0.42129
0.20269
-0.59017
0.23757
0.39830
-0.37034
0.60958
-0.64396
-0.51739
0.18946
0.73647
0.63734
0.18017
-0.99542
0.88906
0.58495
-0.20134
0.74690
0.34879
-0.51527
-0.66311
0.72225
-0.34672
-0.34970
-0.19965
0.52701
-0.67186
0.37658
0.28663
0.64271
-0.24291
-0.77620
0.71897
0.42637
0.15002
0.48228
0.50734
0.11018
0.60182
0.34069
0.07021
0.37185
0.91037
0.25550
0.63826
-0.62207
0.50295
-0.55684
-0.16710
0.58175
-0.20008
-0.90978
-0.59791
-0.91427
0.27833
-0.49648
-0.16023
-0.65633
0.76891
-0.31797
-0.58975
0.59077
-0.95106
-0.92044
0.05964
0.86673
0.20443
0.20235
0.28773
0.84386
-0.56149
0.76981
-0.90236
0.62408
-0.93482
-0.16992
0.18933
-0.60641
0.59218
-0.57802
-0.65117
0.22768
0.88211
0.32313
-0.57020
0.82718
-0.23961
-0.93004
-0.54531
0.81377
0.73798
0.16494
0.12157
-0.99782
-0.74628
-0.57072
0.65364
-0.22477
-0.36385
-0.47644
-0.40695
-0.14364
-0.61519
0.13496
0.31533
0.37116
-0.29252
0.91358
-0.51252
0.49654
-0.21954
0.68951
-0.25603
0.41521
-0.30869
0.75432
0.50106
-0.13115
-0.19868
-0.25412
-0.11350
-0.23939
-0.85458
-0.11944
0.21305
-0.39043
-0.18671
-0.79798
-0.04624
-0.41518
-0.96743
0.76883
-0.57938
0.36729
-0.69122
0.94863
0.00532
0.78282
0.45298
-0.00564
0.21443
-0.30142
0.05243
0.59383
-0.45265
-0.41463
-0.30370
0.75195
-0.81336
-0.58664
-0.39448
-0.29696
0.45350
0.77265
-0.89615
-0.84288
-0.97103
-0.61332
-0.94742
-0.06247
-0.51323
0.83983
0.43167
-0.02271
-0.84385
0.06013
0.33210
0.21543
-0.16090
-0.77840
0.63323
-0.50139
0.01836
0.60827
0.01966
-0.39460
0.72385
-0.88521
0.46151
0.80176
-0.07191
-0.06127
